125113 0.00
125164 1.42
125215 1.42
125265 0.71
125317 1.42
125368 2.13
125418 3.55
125469 4.96
125520 6.38
125571 7.80
125622 5.67
125673 5.67
125723 7.80
125774 8.51
125826 10.64
125877 13.48
125927 10.64
125982 12.06
126032 11.35
126084 11.35
126135 12.06
126185 14.18
126236 11.35
126287 13.48
126339 14.89
126389 17.73
126440 14.89
126491 16.31
126542 15.60
126593 17.73
126644 15.60
126695 17.02
126745 19.15
126796 21.99
126848 19.15
126899 19.15
126949 20.57
127000 19.15
127051 19.86
127102 21.28
127153 24.11
127204 21.99
127255 21.28
127306 23.40
127356 21.28
127408 22.70
127459 26.24
127509 23.40
127560 24.82
127611 23.40
127663 26.24
127713 24.82
127764 25.53
127815 29.08
127869 26.24
127921 26.95
127972 26.24
128022 28.37
128073 26.24
128124 28.37
128175 31.21
128226 28.37
128277 28.37
128328 29.79
128378 28.37
128430 29.08
128481 31.21
128532 33.33
128582 30.50
128633 30.50
128685 31.91
128735 31.21
128786 31.21
128837 32.62
128888 35.46
128939 32.62
128990 32.62
129041 33.33
129092 33.33
129142 32.62
129193 34.04
129245 36.17
129296 34.04
129346 34.75
129397 34.75
129448 36.17
129499 34.75
129550 34.75
129601 36.88
129652 38.30
129702 36.88
129759 36.88
129809 36.88
129860 36.88
129911 38.30
129963 36.88
130013 37.59
130064 41.13
130115 38.30
130165 39.01
130216 38.30
130268 39.72
130319 39.01
130369 39.01
130420 41.13
130471 43.26
130523 40.43
130573 39.72
130624 40.43
130675 41.13
130725 39.72
130777 41.13
130828 43.26
130879 41.13
130929 41.84
130980 41.13
131032 42.55
131083 42.55
131133 41.84
131184 42.55
131235 45.39
131287 42.55
131337 43.97
131388 43.26
131439 43.97
131489 43.97
131540 43.26
131597 43.97
131647 43.26
131698 45.39
131749 45.39
131800 44.68
131851 45.39
131902 44.68
131953 46.10
132003 45.39
132055 44.68
132106 46.81
132157 48.94
132207 46.10
132258 46.81
132310 46.10
132361 46.81
132411 48.23
132462 46.10
132513 46.10
132563 48.23
132615 48.23
132666 47.52
132717 48.23
132767 47.52
132818 48.23
132870 48.94
132921 48.23
132971 47.52
133022 48.94
133073 51.06
133125 48.94
133175 49.65
133226 49.65
133277 49.65
133327 49.65
133379 51.06
133430 50.35
133484 50.35
133535 49.65
133586 49.65
133637 51.06
133688 52.48
133739 51.06
133789 51.06
133840 51.77
133892 51.06
133943 51.77
133993 52.48
134044 51.77
134095 51.06
134147 51.77
134197 53.90
134248 54.61
134299 52.48
134349 52.48
134401 52.48
134452 52.48
134503 53.19
134553 53.90
134604 52.48
134656 52.48
134707 53.90
134757 55.32
134808 53.19
134859 53.90
134909 53.90
134961 53.90
135012 53.90
135063 54.61
135113 55.32
135164 53.90
135216 53.19
135267 54.61
135321 54.61
135371 55.32
135422 56.74
135474 55.32
135525 55.32
135575 55.32
135626 55.32
135677 55.32
135729 55.32
135779 56.03
135830 56.03
135881 55.32
135931 55.32
135983 56.03
136034 57.45
136085 57.45
136135 56.03
136186 56.74
136238 56.74
136289 56.74
136339 56.74
136390 56.74
136441 57.45
136493 57.45
136543 57.45
136594 56.74
136645 56.03
136695 56.74
136747 58.16
136798 58.87
136849 58.87
136899 57.45
136950 57.45
137001 58.16
137053 58.16
137103 58.16
137154 58.16
137209 58.16
137261 58.87
137312 58.16
137363 58.16
137413 58.87
137464 58.87
137516 59.57
137566 59.57
137617 59.57
137668 58.87
137719 58.16
137769 58.16
137821 58.87
137872 59.57
137923 59.57
137973 60.99
138024 60.99
138076 60.99
138127 59.57
138177 59.57
138228 59.57
138279 60.28
138330 60.28
138381 60.28
138432 60.99
138483 60.28
138533 60.28
138585 60.28
138636 60.28
138687 60.28
138737 60.28
138788 60.28
138840 60.99
138891 60.28
138941 61.70
138992 61.70
139060 61.70
139111 62.41
139161 62.41
139212 62.41
139264 62.41
139315 62.41
139365 62.41
139416 61.70
139467 61.70
139518 60.99
139569 61.70
139620 60.99
139671 61.70
139722 61.70
139772 61.70
139824 62.41
139875 62.41
139925 61.70
139976 62.41
140027 61.70
140079 62.41
140129 62.41
140180 62.41
140231 63.12
140282 63.12
140333 62.41
140384 63.12
140435 63.12
140486 63.12
140536 62.41
140588 63.12
140639 63.12
140690 63.12
140740 63.12
140791 63.12
140843 63.12
140894 63.12
140951 63.12
141002 63.12
141053 63.12
141105 63.12
141155 63.12
141206 63.12
141257 63.12
141307 63.83
141359 63.83
141410 63.83
141461 63.83
141511 63.83
141562 63.83
141614 63.83
141665 63.83
141715 63.83
141766 64.54
141817 63.83
141869 64.54
141919 64.54
141970 63.83
142021 64.54
142071 63.83
142123 63.83
142174 64.54
142225 63.83
142275 63.83
142326 64.54
142377 63.83
142429 64.54
142479 65.25
142530 65.25
142581 65.25
142631 65.96
142683 65.96
142734 65.25
142785 64.54
142840 64.54
142892 64.54
142942 65.25
142993 65.25
143044 65.25
143095 65.25
143145 65.25
143197 65.25
143248 65.25
143298 65.25
143349 65.25
143400 65.25
143452 64.54
143502 64.54
143553 65.25
143604 65.25
143655 65.25
143706 65.25
143757 65.25
143808 65.25
143859 65.25
143909 65.25
143961 65.96
144012 65.96
144062 65.96
144113 65.25
144164 65.25
144216 66.67
144266 65.96
144317 66.67
144368 65.96
144419 65.96
144470 65.25
144521 65.25
144572 65.25
144623 65.25
144677 66.67
144728 65.96
144779 65.96
144830 65.96
144881 65.25
144931 65.96
144983 65.96
145034 65.96
145085 66.67
145135 66.67
145186 65.96
145238 65.96
145288 65.96
145339 65.96
145390 66.67
145441 66.67
145491 67.38
145543 66.67
145594 65.96
145645 65.96
145695 65.96
145746 65.96
145798 66.67
145849 67.38
145899 67.38
145950 66.67
146001 66.67
146052 66.67
146103 66.67
146154 66.67
146205 66.67
146255 66.67
146307 66.67
146358 66.67
146409 66.67
146459 66.67
146510 66.67
146613 67.38
146664 66.67
146715 66.67
146765 65.96
146817 66.67
146868 66.67
146919 67.38
146969 67.38
147020 67.38
147072 66.67
147123 66.67
147173 66.67
147224 66.67
147275 67.38
147326 66.67
147377 67.38
147428 67.38
147479 67.38
147529 68.09
147580 67.38
147632 67.38
147683 67.38
147733 66.67
147784 66.67
147835 67.38
147887 68.09
147937 68.09
147988 67.38
148039 67.38
148090 67.38
148141 68.09
148192 67.38
148243 68.09
148293 67.38
148344 67.38
148396 67.38
148451 66.67
148502 67.38
148553 67.38
148603 67.38
148655 68.09
148706 67.38
148756 68.09
148807 67.38
148858 67.38
148910 68.09
148960 67.38
149011 68.09
149062 68.09
149113 68.09
149164 68.09
149215 68.09
149266 68.09
149316 67.38
149367 67.38
149419 68.09
149470 68.09
149520 68.09
149571 68.09
149622 68.09
149673 68.09
149724 68.09
149775 68.09
149826 68.09
149876 68.09
149927 68.09
149979 68.09
150030 68.09
150080 68.09
150131 68.09
150182 68.09
150234 67.38
150284 68.79
150340 68.09
150390 68.09
150441 68.09
150493 68.09
150544 68.09
150594 68.09
150645 68.09
150696 68.09
150747 68.79
150798 68.09
150849 68.09
150900 68.79
150950 68.09
151002 68.09
151053 68.09
151104 68.09
151154 68.09
151205 68.09
151257 68.09
151307 68.79
151358 68.79
151409 68.09
151460 68.79
151511 68.09
151562 68.09
151613 68.79
151664 68.79
151714 68.79
151766 68.09
151817 68.09
151867 68.79
151918 68.09
151969 68.79
152020 68.09
152071 68.79
152122 68.79
152176 68.79
152227 68.79
152279 68.79
152329 68.09
152380 68.09
152431 68.09
152482 68.79
152532 68.09
152584 68.09
152635 68.79
152686 68.79
152736 68.09
152787 68.09
152839 68.79
152889 68.79
152940 68.09
152991 68.79
153042 68.79
153093 68.79
153144 68.79
153195 68.09
153246 68.09
153296 68.79
153348 68.79
153399 68.09
153450 68.79
153500 68.79
153551 68.79
153603 68.09
153653 68.09
153704 68.79
153755 68.79
153806 68.79
153857 69.50
153908 68.79
153959 68.79
154010 68.79
154064 68.09
154115 68.79
154166 68.09
154217 68.79
154268 68.79
154318 68.09
154370 68.79
154421 68.09
154472 68.79
154522 68.79
154573 68.79
154625 68.79
154675 68.79
154726 68.79
154777 68.79
154828 68.79
154878 68.79
154930 68.79
154981 68.79
155032 68.79
155082 68.79
155133 68.79
155185 68.79
155236 68.09
155286 68.79
155337 68.79
155388 68.79
155439 68.79
155490 68.79
155541 68.79
155592 68.79
155642 68.79
155694 68.79
155745 68.09
155796 68.79
155846 68.79
155897 68.79
155953 68.79
156004 68.79
156055 68.79
156106 68.79
156156 68.79
156208 68.79
156259 68.79
156309 68.79
156360 68.79
156411 68.79
156463 68.79
156513 68.79
156564 68.79
156615 68.09
156666 68.79
156717 68.79
156768 68.79
156819 68.79
156870 68.79
156920 68.79
156972 68.79
157023 68.79
157073 68.79
157124 68.79
157175 68.79
157227 68.79
157277 68.79
157328 68.79
157379 68.79
157430 68.79
157480 68.79
157532 68.79
157583 68.79
157634 68.79
157684 68.79
157735 68.79
157791 68.79
157842 68.79
157893 68.79
157944 68.79
157995 68.79
158046 68.79
158097 68.79
158147 68.79
158198 68.79
158249 68.79
158301 68.79
158351 68.79
158402 68.79
158453 68.79
158504 68.79
158555 68.79
158606 68.79
158657 68.79
158708 68.79
158758 68.79
158810 68.79
158861 68.79
158911 68.79
158962 68.79
159013 68.79
159065 68.79
159115 68.79
159166 68.79
159217 68.79
159268 68.79
159319 68.79
159370 68.79
159421 68.79
159472 68.79
159522 68.79
159574 68.79
159625 68.79
159679 68.79
159730 68.79
159780 69.50
159832 68.79
159883 68.79
159934 68.79
159984 68.79
160035 68.79
160087 68.79
160137 68.79
160188 68.79
160239 68.79
160290 68.79
160340 68.79
160392 68.79
160443 68.79
160494 68.79
160544 68.79
160595 68.79
160647 68.79
160697 68.79
160748 68.79
160799 68.79
160850 68.79
160901 68.79
160952 68.79
161003 68.79
161054 68.79
161104 68.79
161156 68.79
161207 68.79
161258 68.79
161308 68.79
161359 68.79
161411 68.79
161461 68.79
161516 68.79
161566 68.79
161617 68.79
161669 68.79
161719 68.79
161770 69.50
161821 68.79
161872 68.79
161923 68.79
161974 68.79
162025 68.79
162076 68.79
162126 68.79
162178 68.79
162229 68.79
162280 68.79
162330 68.79
162381 68.79
162433 68.79
162483 68.79
162534 68.79
162585 68.79
162636 68.79
162686 68.79
162738 68.09
162789 68.79
162840 68.79
162890 68.79
162941 69.50
162993 68.79
163044 68.79
163094 68.79
163145 68.79
163196 68.79
163247 69.50
163298 68.79
163349 68.79
163404 68.79
163456 68.79
163507 68.79
163557 68.79
163608 68.79
163659 68.79
163710 68.79
163761 68.79
163812 68.79
163863 68.79
163914 68.79
163964 68.79
164016 68.79
164067 68.79
164117 68.79
164168 68.79
164219 68.09
164271 68.79
164321 68.79
164372 68.79
164423 68.79
164474 68.79
164525 68.79
164576 68.79
164627 68.79
164677 68.79
164728 68.79
164780 68.79
164831 68.79
164881 68.79
164932 68.79
164983 68.79
165035 68.79
165085 68.79
165136 68.79
165187 68.79
165242 68.79
165294 68.79
165345 68.79
165395 68.79
165446 68.79
165497 68.79
165548 68.79
165599 68.79
165650 68.79
165701 68.79
165751 68.79
165803 68.79
165854 68.79
165905 68.79
165955 68.79
166006 68.79
166057 68.79
166109 68.79
166159 68.79
166210 68.79
166261 68.79
166311 68.79
166363 68.79
166414 68.79
166465 68.79
166515 68.79
166566 68.79
166618 68.79
166669 68.79
166719 68.79
166770 68.79
166821 68.79
166872 68.79
166923 68.79
166974 68.79
167025 68.79
167075 68.79
167131 68.79
167181 68.09
167232 68.79
167283 68.79
167333 68.79
167385 68.79
167436 68.79
167487 68.79
167537 68.79
167588 68.79
167640 68.79
167691 68.79
167741 68.79
167792 68.79
167843 68.79
167894 68.79
167945 68.79
167996 68.79
168047 68.79
168097 68.79
168148 68.79
168200 68.79
168251 68.79
168301 68.79
168352 68.79
168403 68.79
168454 68.79
168505 68.79
168556 68.79
168607 68.79
168657 68.79
168709 68.79
168760 68.79
168811 68.79
168861 68.79
168912 68.79
168964 68.79
169018 68.79
169069 68.79
169119 68.79
169170 68.79
169222 68.79
169273 68.79
169323 68.79
169374 68.79
169425 68.79
169476 68.79
169527 68.79
169578 68.79
169629 68.79
169679 68.79
169731 68.79
169782 68.79
169833 68.79
169883 68.79
169934 68.79
169986 68.79
170037 68.79
170087 68.79
170138 68.79
170189 68.79
170240 68.79
170291 68.79
170342 68.79
170393 68.79
170443 68.79
170494 68.79
170546 68.79
170597 68.79
170647 68.79
170698 68.79
170749 68.79
170800 68.79
170856 68.79
170906 68.79
170957 68.79
171009 68.79
171060 68.79
171110 68.79
171161 68.79
171212 68.79
171264 68.79
171314 68.79
171365 68.09
171416 68.79
171466 68.79
171517 68.79
171569 68.09
171620 68.79
171670 68.79
171721 68.79
171772 68.79
171824 68.79
171874 68.79
171925 68.79
171976 68.79
172027 68.79
172078 68.79
172129 68.79
172180 68.79
172230 68.79
172281 68.79
172333 68.79
172384 68.09
172434 68.79
172485 68.09
172536 68.79
172588 68.79
172638 68.79
172689 68.79
172744 68.79
172795 68.79
172847 68.79
172897 68.79
172948 68.79
172999 68.79
173050 68.79
173101 68.79
173152 68.79
173203 68.79
173254 68.79
173304 68.79
173356 68.79
173407 68.79
173458 68.79
173508 68.79
173559 68.79
173611 68.79
173661 68.79
173712 68.79
173763 68.79
173814 68.79
173864 68.79
173916 68.79
173967 68.79
174018 68.09
174068 68.79
174119 68.79
174171 68.79
174222 68.79
174272 68.79
174323 68.79
174374 68.79
174425 68.79
174476 68.79
174527 68.79
174581 68.79
174632 68.09
174683 68.79
174734 68.79
174785 68.79
174836 68.79
174886 68.79
174938 68.09
174989 68.79
175040 68.79
175090 68.09
175141 68.79
175193 68.79
175244 68.09
175294 68.79
175345 68.79
175396 68.79
175447 68.79
175498 68.79
175549 68.79
175600 68.79
175650 68.79
175702 68.79
175753 68.09
175804 68.09
175854 68.79
175905 68.79
175956 68.79
176007 68.79
176058 68.79
176109 68.79
176160 68.79
176210 68.79
176262 68.79
176313 68.79
176364 68.79
176414 68.79
176470 68.79
176520 68.79
176571 68.09
176622 68.79
176672 68.79
176723 68.79
176775 68.09
176826 68.79
176876 68.79
176927 68.79
176978 68.79
177030 68.79
177080 68.79
177131 68.79
177182 68.09
177232 68.79
177284 68.79
177335 68.79
177386 68.79
177436 68.09
177487 68.09
177539 68.79
177590 68.09
177640 68.09
177691 68.79
177742 68.79
177794 68.09
177844 68.09
177895 68.79
177946 68.79
177996 68.79
178048 68.79
178099 68.79
178150 68.79
178200 68.79
178251 68.79
178307 68.79
178358 68.79
178409 68.79
178459 68.79
178510 68.79
178562 68.79
178613 68.79
178663 68.79
178714 68.79
178765 68.79
178817 68.79
178867 68.09
178918 68.09
178969 68.79
179020 68.79
179070 68.79
179122 68.79
179173 68.79
179223 68.79
179274 68.79
179325 68.79
179377 68.79
179427 68.09
179478 68.79
179529 68.79
179580 68.79
179631 68.79
179682 68.79
179733 68.79
179783 68.09
179834 68.79
179886 68.79
179937 68.79
179987 68.79
180038 68.09
180089 68.79
180141 68.09
180236 68.09
180287 68.79
180338 68.09
180388 68.79
180440 68.79
180491 68.79
180542 68.09
180592 68.09
180643 68.79
180695 68.79
180746 68.79
180796 68.09
180847 68.79
180898 68.79
180948 68.09
181000 68.09
181051 68.79
181102 68.79
181152 68.79
181203 68.09
181255 68.09
181306 68.79
181356 68.09
181407 68.79
181458 68.09
181509 68.09
181560 68.79
181611 68.79
181662 68.79
181712 68.09
181764 68.09
181815 68.09
181866 68.09
181916 68.09
181967 68.79
182019 68.79
182069 68.79
182124 68.79
182174 68.09
182225 68.79
182277 68.79
182328 68.79
182378 68.79
182429 68.79
182480 68.09
182531 68.79
182582 68.09
182633 68.79
182684 68.79
182734 68.79
182786 68.79
182837 68.79
182888 68.09
182938 68.79
182989 68.09
183041 68.09
183092 68.09
183142 68.09
183193 68.79
183244 68.79
183294 68.09
183346 68.09
183397 68.79
183448 68.79
183498 68.79
183549 68.79
183601 68.09
183652 68.09
183702 68.79
183753 68.79
183804 68.09
183855 68.79
183906 68.79
183960 68.09
184011 68.79
184062 68.09
184114 68.79
184164 68.09
184215 68.09
184266 68.79
184316 68.79
184368 68.09
184419 68.09
184470 68.09
184520 68.09
184571 68.79
184623 68.09
184674 68.79
184724 68.09
184775 68.09
184826 68.79
184877 68.79
184928 68.79
184979 68.79
185030 68.09
185080 68.09
185132 68.79
185183 68.09
185234 68.09
185284 68.09
185335 68.09
185387 68.79
185437 68.09
185488 68.09
185539 68.09
185590 68.79
185640 68.09
185692 68.79
185743 68.09
185794 68.79
185849 68.79
185901 68.09
185951 68.09
186002 68.79
186053 68.09
186103 68.79
186155 68.79
186206 68.79
186257 68.09
186307 68.09
186358 68.09
186409 68.09
186461 68.09
186511 68.09
186562 68.79
186613 68.79
186663 68.79
186715 68.09
186766 68.79
186817 68.79
186867 68.79
186918 68.09
186970 68.79
187021 68.79
187071 68.79
187122 68.79
187173 68.09
187225 68.79
187275 68.09
187326 68.09
187377 68.09
187427 68.79
187479 68.79
187530 68.79
187581 68.79
187631 68.09
187687 68.09
187738 68.79
187789 68.79
187840 68.09
187891 68.09
187941 68.09
187993 68.79
188044 68.09
188095 68.09
188145 68.09
188196 68.79
188248 68.09
188298 68.09
188349 68.79
188400 68.09
188451 68.79
188502 68.79
188553 68.09
188604 68.09
188655 68.09
188705 68.09
188756 68.79
188808 68.79
188858 68.09
188909 68.09
188960 68.09
189011 68.09
189062 68.79
189113 68.09
189164 68.09
189215 68.79
189265 68.09
189317 68.09
189368 68.79
189418 68.79
189469 68.79
189520 68.79
189575 68.79
189626 68.79
189676 68.09
189727 68.79
189778 68.09
189830 68.09
189880 68.79
189931 68.79
189982 68.09
190033 68.79
190084 68.09
190135 68.09
190186 68.09
190236 68.09
190287 67.38
190339 68.09
190390 68.09
190440 68.09
190491 68.09
190542 68.09
190594 68.09
190644 68.09
190695 68.09
190746 67.38
190796 67.38
190848 67.38
190899 67.38
190950 67.38
191000 67.38
191051 67.38
191102 67.38
191154 67.38
191204 67.38
191255 66.67
191306 67.38
191357 66.67
191412 68.09
191462 68.09
191513 68.09
191564 68.09
191616 68.09
191666 68.09
191717 68.09
191768 68.09
191818 68.09
191869 68.09
191921 68.09
191972 68.09
192022 67.38
192073 68.09
192124 68.09
192176 68.09
192226 68.09
192277 68.09
192328 68.09
192378 68.09
192430 68.09
192481 68.09
192532 68.09
192582 68.09
192633 68.09
192685 68.09
192736 68.09
192786 67.38
192837 68.09
192888 68.09
192939 68.09
192990 68.09
193041 68.09
193092 68.09
193142 68.09
193193 68.09
193245 68.09
193300 68.09
193351 68.09
193402 68.09
193453 68.09
193504 68.09
193555 68.09
193605 68.09
193656 68.09
193708 68.09
193759 68.09
193809 68.09
193860 68.09
193911 68.09
193963 68.09
194013 68.09
194064 64.54
